1756848758879 1.64691 0
1756848773556 1.56422 1
1756848790772 1.57457 2
1756848807512 1.57362 3
1756848823044 1.56145 4
1756848841551 1.51786 5
1756848855937 1.50354 6
1756848873862 1.49839 7
1756848888370 1.42969 8
1756848905242 1.41997 9
1756848919182 1.38616 10
1756848936160 1.38296 11
1756848950608 1.30786 12
1756848968568 1.33716 13
1756848982581 1.32673 14
1756849000169 1.31456 15
1756849014313 1.3169 16
1756849027467 1.34358 17
1756849045508 1.29131 18
1756849063058 1.2868 19
1756849078321 1.2556 20
1756849096124 1.25624 21
1756849110312 1.21988 22
1756849128212 1.22834 23
1756849142673 1.20855 24
1756849155707 1.20097 25
1756849169455 1.22715 26
1756849186904 1.14958 27
1756849202447 1.16747 28
1756849221043 1.16774 29
1756849235074 1.14931 30
1756849252980 1.15994 31
1756849269028 1.15715 32
1756849285222 1.1631 33
1756849300510 1.13762 34
1756849318776 1.16498 35
1756849334953 1.11796 36
1756849353288 1.09427 37
1756849367852 1.08029 38
1756849385115 1.10091 39
1756849398765 1.11821 40
1756849412447 1.08903 41
1756849427935 1.07489 42
1756849444859 1.06992 43
1756849461374 1.01486 44
1756849477248 1.03872 45
1756849492608 1.03561 46
1756849511312 1.01438 47
1756849526307 1.03596 48
1756849540268 1.0127 49
1756849555834 0.99204 50
1756849574217 1.01473 51
1756849587902 0.9999 52
1756849605146 0.99774 53
1756849621188 0.99175 54
1756849639509 0.98341 55
1756849653327 0.98681 56
1756849666990 0.91822 57
1756849682273 0.98771 58
1756849699609 0.92388 59
1756849713395 0.92701 60
1756849731106 0.95121 61
1756849746465 0.91953 62
1756849765104 0.91717 63
1756849778846 0.92379 64
1756849792577 0.91548 65
1756849807829 0.9278 66
1756849824912 0.87937 67
1756849838768 0.86799 68
1756849856027 0.88262 69
1756849870399 0.88929 70
1756849887233 0.8804 71
1756849900934 0.85177 72
1756849914601 0.85936 73
1756849929645 0.858 74
1756849947223 0.84154 75
1756849961186 0.86574 76
1756849978644 0.82781 77
1756849993097 0.83097 78
1756850010346 0.83649 79
1756850024033 0.82564 80
1756850037686 0.79724 81
1756850052849 0.83584 82
1756850069900 0.82706 83
1756850087082 0.81026 84
1756850102610 0.79277 85
1756850116771 0.78466 86
1756850133722 0.79389 87
1756850147960 0.77626 88
1756850161818 0.77913 89
1756850194239 0.77181 90
1756850212050 0.76878 91
1756850225623 0.77113 92
1756850242185 0.75706 93
1756850256939 0.72434 94
1756850274602 0.74499 95
1756850288318 0.72573 96
1756850304687 0.71306 97
1756850319539 0.72666 98
1756850337205 0.68755 99
