1756848758879 6.50321 0
1756848773556 1.47093 1
1756848790772 1.37453 2
1756848807512 1.21968 3
1756848823044 1.18049 4
1756848841551 1.11437 5
1756848855937 1.03591 6
1756848873862 1.04529 7
1756848888370 0.99997 8
1756848905242 0.96159 9
1756848919182 0.92123 10
1756848936160 0.92786 11
1756848950608 0.88176 12
1756848968568 0.88792 13
1756848982581 0.85113 14
1756849000169 0.85632 15
1756849014313 0.82431 16
1756849027467 0.84889 17
1756849045508 0.81091 18
1756849063058 0.8026 19
1756849078321 0.78183 20
1756849096124 0.767 21
1756849110312 0.74365 22
1756849128212 0.72711 23
1756849142673 0.73948 24
1756849155707 0.72575 25
1756849169455 0.70164 26
1756849186904 0.67573 27
1756849202447 0.6876 28
1756849221043 0.6988 29
1756849235074 0.68771 30
1756849252980 0.6874 31
1756849269028 0.67021 32
1756849285222 0.66954 33
1756849300510 0.65623 34
1756849318776 0.67979 35
1756849334953 0.65073 36
1756849353288 0.62959 37
1756849367852 0.61581 38
1756849385115 0.63088 39
1756849398765 0.63911 40
1756849412447 0.6262 41
1756849427935 0.62413 42
1756849444859 0.62027 43
1756849461374 0.58993 44
1756849477248 0.57984 45
1756849492608 0.58453 46
1756849511312 0.58591 47
1756849526307 0.58388 48
1756849540268 0.57769 49
1756849555834 0.56943 50
1756849574217 0.57755 51
1756849587902 0.57741 52
1756849605146 0.58263 53
1756849621188 0.55667 54
1756849639509 0.54617 55
1756849653327 0.54282 56
1756849666990 0.51068 57
1756849682273 0.54074 58
1756849699609 0.52351 59
1756849713395 0.5162 60
1756849731106 0.51805 61
1756849746465 0.51402 62
1756849765104 0.53135 63
1756849778846 0.5126 64
1756849792577 0.51298 65
1756849807829 0.50734 66
1756849824912 0.49453 67
1756849838768 0.49208 68
1756849856027 0.48902 69
1756849870399 0.49661 70
1756849887233 0.48845 71
1756849900934 0.47596 72
1756849914601 0.4817 73
1756849929645 0.47046 74
1756849947223 0.46311 75
1756849961186 0.48702 76
1756849978644 0.46473 77
1756849993097 0.45275 78
1756850010346 0.46353 79
1756850024033 0.45453 80
1756850037686 0.44389 81
1756850052849 0.46826 82
1756850069900 0.45244 83
1756850087082 0.45014 84
1756850102610 0.44356 85
1756850116771 0.44872 86
1756850133722 0.43971 87
1756850147960 0.42823 88
1756850161818 0.43414 89
1756850194239 0.41275 90
1756850212050 0.40166 91
1756850225623 0.4015 92
1756850242185 0.38693 93
1756850256939 0.38168 94
1756850274602 0.39155 95
1756850288318 0.38198 96
1756850304687 0.37492 97
1756850319539 0.37061 98
1756850337205 0.36843 99
