1756848758879 1.46925 0
1756848773556 1.3762 1
1756848790772 1.39892 2
1756848807512 1.38747 3
1756848823044 1.37907 4
1756848841551 1.39524 5
1756848855937 1.35648 6
1756848873862 1.38104 7
1756848888370 1.33285 8
1756848905242 1.31391 9
1756848919182 1.29769 10
1756848936160 1.29922 11
1756848950608 1.22845 12
1756848968568 1.26097 13
1756848982581 1.26395 14
1756849000169 1.26837 15
1756849014313 1.24342 16
1756849027467 1.26525 17
1756849045508 1.25524 18
1756849063058 1.25856 19
1756849078321 1.23148 20
1756849096124 1.21903 21
1756849110312 1.20545 22
1756849128212 1.20197 23
1756849142673 1.19529 24
1756849155707 1.19384 25
1756849169455 1.1957 26
1756849186904 1.16689 27
1756849202447 1.17291 28
1756849221043 1.16501 29
1756849235074 1.16726 30
1756849252980 1.16795 31
1756849269028 1.1596 32
1756849285222 1.16586 33
1756849300510 1.16456 34
1756849318776 1.1717 35
1756849334953 1.1452 36
1756849353288 1.1497 37
1756849367852 1.12114 38
1756849385115 1.15165 39
1756849398765 1.16112 40
1756849412447 1.14781 41
1756849427935 1.12772 42
1756849444859 1.13537 43
1756849461374 1.09367 44
1756849477248 1.09749 45
1756849492608 1.10986 46
1756849511312 1.10013 47
1756849526307 1.12662 48
1756849540268 1.10953 49
1756849555834 1.0957 50
1756849574217 1.1187 51
1756849587902 1.0998 52
1756849605146 1.08562 53
1756849621188 1.08745 54
1756849639509 1.10288 55
1756849653327 1.09518 56
1756849666990 1.05141 57
1756849682273 1.09392 58
1756849699609 1.05197 59
1756849713395 1.07444 60
1756849731106 1.07747 61
1756849746465 1.05501 62
1756849765104 1.04616 63
1756849778846 1.05011 64
1756849792577 1.05898 65
1756849807829 1.07823 66
1756849824912 1.02206 67
1756849838768 1.02937 68
1756849856027 1.02843 69
1756849870399 1.05029 70
1756849887233 1.03603 71
1756849900934 1.03781 72
1756849914601 1.03546 73
1756849929645 1.02812 74
1756849947223 1.01774 75
1756849961186 1.02465 76
1756849978644 1.0171 77
1756849993097 1.0072 78
1756850010346 1.02613 79
1756850024033 1.02553 80
1756850037686 0.98284 81
1756850052849 1.01034 82
1756850069900 0.99838 83
1756850087082 1.01154 84
1756850102610 1.00962 85
1756850116771 0.99389 86
1756850133722 0.99602 87
1756850147960 0.99928 88
1756850161818 0.99492 89
1756850194239 0.99277 90
1756850212050 0.99678 91
1756850225623 0.9926 92
1756850242185 0.9633 93
1756850256939 0.97476 94
1756850274602 0.98632 95
1756850288318 0.97358 96
1756850304687 0.96929 97
1756850319539 0.96498 98
1756850337205 0.96828 99
