1756848760301 0.03167 0
1756848774824 0.00166 1
1756848791923 0.08667 2
1756848809470 0.24397 3
1756848824588 0.18985 4
1756848842995 0.01604 5
1756848857022 0.00182 6
1756848874971 0.34635 7
1756848889509 0.26071 8
1756848906343 0.32692 9
1756848920288 0.49978 10
1756848937245 0.46799 11
1756848951892 0.51374 12
1756848969759 0.43913 13
1756848983773 0.4815 14
1756849001368 0.42545 15
1756849015539 0.52583 16
1756849028675 0.56616 17
1756849046698 0.53285 18
1756849064236 0.53125 19
1756849079527 0.55509 20
1756849097351 0.57407 21
1756849111519 0.56631 22
1756849129374 0.53485 23
1756849143845 0.57011 24
1756849156861 0.56729 25
1756849170690 0.58996 26
1756849188117 0.58923 27
1756849203642 0.58301 28
1756849222221 0.58717 29
1756849236160 0.56603 30
1756849254132 0.60155 31
1756849270416 0.5843 32
1756849286753 0.59294 33
1756849302051 0.55319 34
1756849320334 0.62193 35
1756849336389 0.55971 36
1756849354636 0.58013 37
1756849368943 0.62088 38
1756849386208 0.60817 39
1756849399835 0.60118 40
1756849413870 0.62735 41
1756849429050 0.61921 42
1756849445947 0.61942 43
1756849462460 0.62358 44
1756849478801 0.64291 45
1756849494092 0.64482 46
1756849512794 0.64442 47
1756849527857 0.62752 48
1756849541821 0.62418 49
1756849556983 0.62193 50
1756849575330 0.6428 51
1756849588970 0.61368 52
1756849606280 0.65447 53
1756849622257 0.62236 54
1756849640631 0.64258 55
1756849654391 0.64576 56
1756849668338 0.65163 57
1756849683356 0.65722 58
1756849700708 0.66819 59
1756849714503 0.67379 60
1756849732211 0.68963 61
1756849747526 0.67723 62
1756849766181 0.68322 63
1756849779957 0.68465 64
1756849793886 0.66643 65
1756849808922 0.67713 66
1756849825985 0.65816 67
1756849839984 0.68836 68
1756849857208 0.69343 69
1756849871450 0.67668 70
1756849888295 0.69308 71
1756849902019 0.68607 72
1756849915960 0.70459 73
1756849930707 0.694 74
1756849948286 0.68729 75
1756849962256 0.69498 76
1756849979704 0.68411 77
1756849994166 0.69756 78
1756850011452 0.70924 79
1756850025095 0.7065 80
1756850039015 0.69525 81
1756850053882 0.70637 82
1756850070995 0.70952 83
1756850088160 0.70349 84
1756850103851 0.7212 85
1756850117906 0.71101 86
1756850134904 0.7164 87
1756850149156 0.72504 88
1756850163328 0.72654 89
1756850195470 0.73052 90
1756850213123 0.71991 91
1756850226715 0.73484 92
1756850243242 0.72499 93
1756850258027 0.73288 94
1756850275737 0.74506 95
1756850289383 0.75189 96
1756850305765 0.73346 97
1756850320623 0.74045 98
1756850338273 0.73571 99
1756850341106 0.7468334047892522 99
