1756848760301 0.0712 0
1756848774824 0.00384 1
1756848791923 0.18769 2
1756848809470 0.51519 3
1756848824588 0.42266 4
1756848842995 0.04082 5
1756848857022 0.0069 6
1756848874971 0.69351 7
1756848889509 0.49773 8
1756848906343 0.61158 9
1756848920288 0.87024 10
1756848937245 0.8095 11
1756848951892 0.91799 12
1756848969759 0.80409 13
1756848983773 0.93298 14
1756849001368 0.88955 15
1756849015539 0.92717 16
1756849028675 0.93828 17
1756849046698 0.91482 18
1756849064236 0.89691 19
1756849079527 0.91969 20
1756849097351 0.94265 21
1756849111519 0.94829 22
1756849129374 0.89713 23
1756849143845 0.96086 24
1756849156861 0.94875 25
1756849170690 0.97301 26
1756849188117 0.91149 27
1756849203642 0.93987 28
1756849222221 0.96503 29
1756849236160 0.94322 30
1756849254132 0.94422 31
1756849270416 0.96308 32
1756849286753 0.92343 33
1756849302051 0.95971 34
1756849320334 0.92454 35
1756849336389 0.96632 36
1756849354636 0.94481 37
1756849368943 0.96138 38
1756849386208 0.93149 39
1756849399835 0.96422 40
1756849413870 0.96096 41
1756849429050 0.95833 42
1756849445947 0.94423 43
1756849462460 0.95898 44
1756849478801 0.95849 45
1756849494092 0.96953 46
1756849512794 0.95044 47
1756849527857 0.96977 48
1756849541821 0.94269 49
1756849556983 0.94295 50
1756849575330 0.95788 51
1756849588970 0.96113 52
1756849606280 0.97751 53
1756849622257 0.96011 54
1756849640631 0.96982 55
1756849654391 0.97739 56
1756849668338 0.9473 57
1756849683356 0.96313 58
1756849700708 0.96814 59
1756849714503 0.96879 60
1756849732211 0.96624 61
1756849747526 0.96162 62
1756849766181 0.97943 63
1756849779957 0.96414 64
1756849793886 0.95452 65
1756849808922 0.9635 66
1756849825985 0.96956 67
1756849839984 0.9501 68
1756849857208 0.96798 69
1756849871450 0.95856 70
1756849888295 0.96251 71
1756849902019 0.95732 72
1756849915960 0.96151 73
1756849930707 0.95679 74
1756849948286 0.96059 75
1756849962256 0.95655 76
1756849979704 0.95323 77
1756849994166 0.94813 78
1756850011452 0.96054 79
1756850025095 0.95508 80
1756850039015 0.96083 81
1756850053882 0.95854 82
1756850070995 0.96262 83
1756850088160 0.95738 84
1756850103851 0.96347 85
1756850117906 0.96728 86
1756850134904 0.96231 87
1756850149156 0.96377 88
1756850163328 0.96249 89
1756850195470 0.96269 90
1756850213123 0.95739 91
1756850226715 0.96474 92
1756850243242 0.96269 93
1756850258027 0.96487 94
1756850275737 0.96076 95
1756850289383 0.96572 96
1756850305765 0.95463 97
1756850320623 0.96555 98
1756850338273 0.96464 99
1756850341106 0.9548826480491457 99
