1756848760301 0.12617 0
1756848774824 0.00464 1
1756848791923 0.31271 2
1756848809470 0.3656 3
1756848824588 0.45102 4
1756848842995 0.04932 5
1756848857022 0.0116 6
1756848874971 0.67609 7
1756848889509 0.56262 8
1756848906343 0.64484 9
1756848920288 0.87507 10
1756848937245 0.79484 11
1756848951892 0.90744 12
1756848969759 0.93814 13
1756848983773 0.87287 14
1756849001368 0.88203 15
1756849015539 0.87007 16
1756849028675 0.88533 17
1756849046698 0.86271 18
1756849064236 0.84881 19
1756849079527 0.87503 20
1756849097351 0.91007 21
1756849111519 0.89574 22
1756849129374 0.8612 23
1756849143845 0.92928 24
1756849156861 0.89853 25
1756849170690 0.90223 26
1756849188117 0.87033 27
1756849203642 0.92043 28
1756849222221 0.94578 29
1756849236160 0.91385 30
1756849254132 0.94401 31
1756849270416 0.92154 32
1756849286753 0.88743 33
1756849302051 0.93547 34
1756849320334 0.91819 35
1756849336389 0.93312 36
1756849354636 0.89155 37
1756849368943 0.88298 38
1756849386208 0.86111 39
1756849399835 0.91507 40
1756849413870 0.89446 41
1756849429050 0.92036 42
1756849445947 0.93093 43
1756849462460 0.89754 44
1756849478801 0.93153 45
1756849494092 0.91236 46
1756849512794 0.88878 47
1756849527857 0.88243 48
1756849541821 0.93267 49
1756849556983 0.92049 50
1756849575330 0.87519 51
1756849588970 0.8985 52
1756849606280 0.93379 53
1756849622257 0.91157 54
1756849640631 0.91218 55
1756849654391 0.8952 56
1756849668338 0.88995 57
1756849683356 0.88629 58
1756849700708 0.92143 59
1756849714503 0.90151 60
1756849732211 0.89034 61
1756849747526 0.91072 62
1756849766181 0.9127 63
1756849779957 0.9094 64
1756849793886 0.89483 65
1756849808922 0.90422 66
1756849825985 0.92033 67
1756849839984 0.89222 68
1756849857208 0.91313 69
1756849871450 0.88649 70
1756849888295 0.91368 71
1756849902019 0.89021 72
1756849915960 0.88533 73
1756849930707 0.90838 74
1756849948286 0.89921 75
1756849962256 0.90184 76
1756849979704 0.90955 77
1756849994166 0.91325 78
1756850011452 0.88862 79
1756850025095 0.91209 80
1756850039015 0.89741 81
1756850053882 0.90336 82
1756850070995 0.89347 83
1756850088160 0.8964 84
1756850103851 0.91387 85
1756850117906 0.90712 86
1756850134904 0.91784 87
1756850149156 0.92368 88
1756850163328 0.91278 89
1756850195470 0.89447 90
1756850213123 0.91276 91
1756850226715 0.92292 92
1756850243242 0.9174 93
1756850258027 0.88669 94
1756850275737 0.88655 95
1756850289383 0.91056 96
1756850305765 0.90264 97
1756850320623 0.91199 98
1756850338273 0.91212 99
1756850341106 0.8996611353349937 99
