1756848760301 0.32184 0
1756848774824 0.62069 1
1756848791923 0.25287 2
1756848809470 0.6092 3
1756848824588 0.67816 4
1756848842995 0.45973 5
1756848857022 0.1954 6
1756848874971 0.66667 7
1756848889509 0.65517 8
1756848906343 0.60524 9
1756848920288 0.7931 10
1756848937245 0.7125 11
1756848951892 0.82759 12
1756848969759 0.69732 13
1756848983773 0.86207 14
1756849001368 0.8046 15
1756849015539 0.8467 16
1756849028675 0.86207 17
1756849046698 0.86674 18
1756849064236 0.88506 19
1756849079527 0.86207 20
1756849097351 0.93058 21
1756849111519 0.93103 22
1756849129374 0.91954 23
1756849143845 0.90622 24
1756849156861 0.91606 25
1756849170690 0.95461 26
1756849188117 0.9258 27
1756849203642 0.89655 28
1756849222221 0.89655 29
1756849236160 0.87356 30
1756849254132 0.87356 31
1756849270416 0.94502 32
1756849286753 0.87356 33
1756849302051 0.94253 34
1756849320334 0.90307 35
1756849336389 0.96226 36
1756849354636 0.94495 37
1756849368943 0.95406 38
1756849386208 0.91954 39
1756849399835 0.96552 40
1756849413870 0.94253 41
1756849429050 0.96552 42
1756849445947 0.92949 43
1756849462460 0.95402 44
1756849478801 0.93834 45
1756849494092 0.97701 46
1756849512794 0.95402 47
1756849527857 0.94902 48
1756849541821 0.91954 49
1756849556983 0.95402 50
1756849575330 0.97701 51
1756849588970 0.96552 52
1756849606280 0.95402 53
1756849622257 0.96552 54
1756849640631 0.95402 55
1756849654391 0.98851 56
1756849668338 0.96552 57
1756849683356 0.98547 58
1756849700708 0.94253 59
1756849714503 0.94696 60
1756849732211 0.96552 61
1756849747526 0.96552 62
1756849766181 0.96133 63
1756849779957 0.97701 64
1756849793886 0.97795 65
1756849808922 0.97656 66
1756849825985 0.97701 67
1756849839984 0.94253 68
1756849857208 0.96653 69
1756849871450 0.98744 70
1756849888295 0.97338 71
1756849902019 0.97701 72
1756849915960 0.97701 73
1756849930707 0.97701 74
1756849948286 0.97701 75
1756849962256 0.97701 76
1756849979704 0.97701 77
1756849994166 0.95402 78
1756850011452 0.97701 79
1756850025095 0.97701 80
1756850039015 0.97701 81
1756850053882 0.96702 82
1756850070995 0.964 83
1756850088160 0.96552 84
1756850103851 0.97568 85
1756850117906 0.96552 86
1756850134904 0.96552 87
1756850149156 0.97374 88
1756850163328 0.96229 89
1756850195470 0.97426 90
1756850213123 0.96214 91
1756850226715 0.96346 92
1756850243242 0.95402 93
1756850258027 0.97701 94
1756850275737 0.98801 95
1756850289383 0.96552 96
1756850305765 0.96552 97
1756850320623 0.96552 98
1756850338273 0.96552 99
1756850341106 0.9540229885057471 99
