1756848758879 0.00048000000000000007 0
1756848773556 0.0009702980000000001 1
1756848790772 0.001450696 2
1756848807512 0.001921194 3
1756848823044 0.0019207999999999999 4
1756848841551 0.0019010000000000001 5
1756848855937 0.0018812 6
1756848873862 0.0018614 7
1756848888370 0.0018416 8
1756848905242 0.0018218000000000002 9
1756848919182 0.001802 10
1756848936160 0.0017822 11
1756848950608 0.0017624 12
1756848968568 0.0017426 13
1756848982581 0.0017228 14
1756849000169 0.001703 15
1756849014313 0.0016832000000000001 16
1756849027467 0.0016634 17
1756849045508 0.0016436000000000003 18
1756849063058 0.0016238000000000001 19
1756849078321 0.0016040000000000002 20
1756849096124 0.0015842 21
1756849110312 0.0015644 22
1756849128212 0.0015446 23
1756849142673 0.0015248 24
1756849155707 0.0015049999999999998 25
1756849169455 0.0014852 26
1756849186904 0.0014654000000000002 27
1756849202447 0.0014456 28
1756849221043 0.0014258 29
1756849235074 0.001406 30
1756849252980 0.0013862 31
1756849269028 0.0013663999999999998 32
1756849285222 0.0013465999999999999 33
1756849300510 0.0013267999999999997 34
1756849318776 0.001307 35
1756849334953 0.0012872 36
1756849353288 0.0012674000000000001 37
1756849367852 0.0012476 38
1756849385115 0.0012278 39
1756849398765 0.001208 40
1756849412447 0.0011882000000000002 41
1756849427935 0.0011684000000000002 42
1756849444859 0.0011486 43
1756849461374 0.0011288000000000001 44
1756849477248 0.001109 45
1756849492608 0.0010892000000000002 46
1756849511312 0.0010694 47
1756849526307 0.0010496000000000001 48
1756849540268 0.0010298 49
1756849555834 0.00101 50
1756849574217 0.0009901999999999999 51
1756849587902 0.0009704 52
1756849605146 0.0009506 53
1756849621188 0.0009308 54
1756849639509 0.0009109999999999999 55
1756849653327 0.0008911999999999999 56
1756849666990 0.0008714 57
1756849682273 0.0008516000000000001 58
1756849699609 0.0008318000000000002 59
1756849713395 0.0008120000000000001 60
1756849731106 0.0007922000000000001 61
1756849746465 0.0007724 62
1756849765104 0.0007526000000000001 63
1756849778846 0.0007328 64
1756849792577 0.000713 65
1756849807829 0.0006931999999999999 66
1756849824912 0.0006733999999999999 67
1756849838768 0.0006536 68
1756849856027 0.0006338000000000001 69
1756849870399 0.0006140000000000001 70
1756849887233 0.0005942 71
1756849900934 0.0005744000000000001 72
1756849914601 0.0005546000000000001 73
1756849929645 0.0005348000000000001 74
1756849947223 0.000515 75
1756849961186 0.0004952 76
1756849978644 0.0004754 77
1756849993097 0.00045559999999999996 78
1756850010346 0.00043579999999999997 79
1756850024033 0.0004159999999999999 80
1756850037686 0.00039619999999999987 81
1756850052849 0.00037640000000000015 82
1756850069900 0.0003566000000000001 83
1756850087082 0.0003368000000000001 84
1756850102610 0.00031700000000000006 85
1756850116771 0.0002972 86
1756850133722 0.0002774 87
1756850147960 0.00025760000000000003 88
1756850161818 0.00023779999999999995 89
1756850194239 0.00021799999999999996 90
1756850212050 0.00019819999999999994 91
1756850225623 0.00017839999999999992 92
1756850242185 0.00015859999999999987 93
1756850256939 0.0001388000000000001 94
1756850274602 0.0001190000000000001 95
1756850288318 9.920000000000008e-05 96
1756850304687 7.940000000000006e-05 97
1756850319539 5.9600000000000046e-05 98
1756850337205 3.980000000000002e-05 99
